time,x,y,z,phi,theta,psi,x_velocity,y_velocity,z_velocity,phi_velocity,theta_velocity,psi_velocity,rotor_speed1,rotor_speed2,rotor_speed3,rotor_speed4
0.06,9.278561506412712e-09,5.227899252852105e-07,10.00397153300285,6.282636636104989,6.282808501187892,0.0,1.5555841985823138e-05,4.164380743549274e-06,0.13237751196339057,-0.04244757968493183,-0.023405998524483853,0.0,447.9350907062818,446.02804340549943,448.85265122333783,445.3950934232853
0.12000000000000001,1.3833570156295485e-05,-1.9963927141247143e-05,10.014493520162391,6.279850199481864,6.281400766719738,0.0,0.0005857564505337593,-0.000952012072093432,0.2183417059776919,-0.05594098789733666,-0.023574950924915385,0.0,431.97176920438955,431.957451083873,433.50612782327414,432.3696139322279
0.18,9.687030720500463e-05,-0.00016941361741261185,10.033346182058684,6.2759933601925475,6.28000518319636,0.0,0.002344434663326165,-0.004434176231232325,0.4100283610040467,-0.09146310668839935,-0.022636680823684318,0.0,465.33554299033216,465.4089495148995,466.3350052527584,463.54910190229924
0.23999999999999996,0.00030578296877096844,-0.0005988668266289767,10.06018835577311,6.27020645889597,6.27823443725026,0.0,0.004767209189466873,-0.010432074840410943,0.484675971310576,-0.10896135035185063,-0.04909368116267908,0.0,429.79109768754904,427.54277228753745,430.0413465043264,428.54831467351215
0.3,0.0007107183343673799,-0.0015329270217573766,10.093346431530847,6.263939000449334,6.275745506048448,0.0,0.009018471963539547,-0.021388077090200967,0.6205165740636563,-0.09670825701267384,-0.029471523809214528,0.0,447.2096575873392,448.8038547773992,448.3484101779594,449.33318680607704
0.36000000000000004,0.001380236563853235,-0.0031524992502968826,10.1294661627654,6.258149999706275,6.274159639701697,0.0,0.0134355296493854,-0.033071690411743536,0.5834831832566624,-0.09603761794248855,-0.020955494443840796,0.0,390.83397710127196,391.62650855382356,391.68154449539713,391.73457747939517
0.4200000000000001,0.0023996596219595006,-0.005738535245143427,10.169865701879564,6.252426736231154,6.273069807868412,0.0,0.020677263122168988,-0.053780285461397084,0.7630457171719623,-0.09411956293361652,-0.013095757265596572,0.0,462.14858474781016,462.7676560533633,461.3259346342498,461.4699592294776
0.48000000000000015,0.003891495911432888,-0.009744655764107246,10.222480822729777,6.246593230365976,6.272476010701869,0.0,0.029131458336977625,-0.08044468417890945,0.9905977170301832,-0.1042935044656913,-0.004163221547530833,0.0,475.68318365206983,476.3667584191903,477.1958120717119,476.4112055557739
0.5400000000000001,0.005831611250398031,-0.015245600721540374,10.282111920559549,6.23987464966819,6.271981650047675,0.0,0.03557035278789679,-0.10348506977654368,0.997076489352833,-0.13537113626420785,-0.01798328710604378,0.0,407.5208820400847,406.2839206062659,409.1502816441911,406.36117937842886
0.6000000000000002,0.008188665060998693,-0.022330004521818877,10.343793533449032,6.231761667942772,6.270679342032345,0.0,0.043110984409564256,-0.13344167397332873,1.0588824334532,-0.13490893821476313,-0.030441277747998437,0.0,426.6817236153283,425.61689793172735,425.5918857626231,425.6136714078082
0.6600000000000003,0.011076447617502011,-0.03157704149751411,10.413082267178948,6.223670836175053,6.268465772541173,0.0,0.05337397120039925,-0.17571838837422948,1.2504946525911433,-0.13472413347284692,-0.05469320976400003,0.0,466.4630430532313,464.5648371779077,467.60941233517786,467.60801355812754
0.7200000000000003,0.014591207855590475,-0.04336347842106035,10.490801229652671,6.2156698826884025,6.265294219289725,0.0,0.06410748930730777,-0.21796481499470038,1.3399763718007243,-0.1307349437931928,-0.0494239570114801,0.0,435.26869627783947,435.70750206983524,435.5342124482308,435.8509210287736
0.7800000000000004,0.01876123378837055,-0.05765109932336226,10.571045251192361,6.207929803583092,6.262055034033656,0.0,0.07516028527933433,-0.2589638607647457,1.33477296319098,-0.12574509808876022,-0.06517445601110565,0.0,405.1851017170613,403.7644038813319,404.4152108564837,404.84733600965126
0.8400000000000004,0.02370781028437143,-0.07472098538035402,10.653406110897132,6.200140481311326,6.257915741394118,0.0,0.09011917712960921,-0.3107792407522238,1.4104229854448713,-0.13955542066022436,-0.07797710530718473,0.0,432.3095324006737,431.22568651269717,432.11025316896007,430.92841097526235
0.9000000000000005,0.029585894686211665,-0.09489168986076779,10.738325183310483,6.191471564970604,6.253046172720536,0.0,0.10624013530223002,-0.36233095524850273,1.4201154502228832,-0.15679889065323088,-0.08843035553227276,0.0,410.5614822963652,409.6270588186585,411.0174522048365,409.46477105061376
0.9600000000000005,0.036664550947205984,-0.1187491195296638,10.82844314097368,6.182155559077909,6.248559301795144,0.0,0.1302457233982674,-0.4339401045672804,1.5834719493147316,-0.1523697995990195,-0.056168996441905275,0.0,458.21311122551964,460.76578280473285,459.8674607267982,460.19621852924604
1.0200000000000005,0.045277661295084516,-0.14711020300715194,10.92831735977362,6.173338119275897,6.244932321616346,0.0,0.15723744383046098,-0.5124029410320249,1.745296497629208,-0.13789111822769307,-0.0707874635216822,0.0,460.32155416742654,459.1608415289265,459.7548795741463,460.88093532674594
1.0800000000000005,0.055514692852231075,-0.18014339269805166,11.035813942619733,6.165818078984355,6.24080624041744,0.0,0.18441450281893063,-0.5894784808236638,1.8376495451693382,-0.10779098350095817,-0.06500936583182697,0.0,439.17723236432414,439.65254453859814,437.71758740210186,440.20003799002933
1.1400000000000006,0.06745598009150913,-0.2179231332427687,11.148604594716371,6.15927203711507,6.236954395458458,0.0,0.21400948928540142,-0.6704816986250893,1.9217791197377339,-0.11185539871461964,-0.0626217871789176,0.0,436.7465332790175,436.9425142684899,437.6120013090044,437.262847291657
1.2000000000000006,0.08121082357162819,-0.2605913841647996,11.26558058823837,6.152093001877677,6.232962295826335,0.0,0.2448496599248274,-0.7524406823821757,1.9771951211789633,-0.143636969098419,-0.07580532699751691,0.0,428.9640142701041,427.83952589495686,429.773435373868,427.05701238069753
1.2600000000000007,0.09716607279933642,-0.3090246673285832,11.391103469237672,6.143164740597591,6.2289245052287505,0.0,0.2874865505134463,-0.8630071017009195,2.206264657989394,-0.16190509161635802,-0.05418250070635391,0.0,482.1628158025669,483.7903665750515,482.81724320521414,481.41788152114896
1.3200000000000007,0.11572576188189529,-0.3641932913415507,11.529462992957383,6.133452680686522,6.22565245207144,0.0,0.331526900544596,-0.9770244248067246,2.405073979117863,-0.16179301819810185,-0.05524682058113488,0.0,475.7466060101041,475.6633384469789,474.2505920280703,474.2360687775653
1.3800000000000008,0.13695515394670416,-0.4263022392916725,11.678851098618834,6.12434438140793,6.222399068591692,0.0,0.37646451909082457,-1.0942694048895518,2.5739072341450626,-0.1369805066923972,-0.05225109430333601,0.0,466.99958022857555,467.2313862738459,466.6117575068391,468.52376083466373
1.4400000000000008,0.16073392693097666,-0.49507802470155116,11.834794344683223,6.116121969852646,6.219625439029297,0.0,0.41642889518477194,-1.199022472176364,2.623874980809142,-0.1371596969082356,-0.03630243934780931,0.0,430.8170137764692,432.16200160545765,431.0079103685149,430.97474161944496
1.5000000000000009,0.18705008538080045,-0.5705355536383476,11.995087658469094,6.107735109465825,6.217899014583672,0.0,0.46095098137049534,-1.3170383707652025,2.7187721859065634,-0.14561253265303217,-0.01686653790617693,0.0,445.9446433308585,447.52913333617823,446.55620823149303,445.84801598142553
1.560000000000001,0.21611370134322716,-0.6533714909144848,12.16171538407069,6.0999526105974855,6.216943175197191,0.0,0.5079115313925268,-1.444968089806157,2.8349427980912028,-0.10906041128116511,-0.014121763410592392,0.0,453.98572792109326,454.206008993223,452.80366097209185,455.7186729432268
1.620000000000001,0.2477578277980936,-0.7433394357513656,12.331492794068962,6.093182542325469,6.215842911753413,0.0,0.5469682660466219,-1.554554438169985,2.824135663871282,-0.12170778175624605,-0.028489026438945506,0.0,414.4256138604234,413.16081075796626,414.25372518040103,413.1275752927986
1.680000000000001,0.2817980996619403,-0.840097482524559,12.501053380256122,6.08560747589847,6.214227324919886,0.0,0.5878445346908524,-1.6713799433016974,2.827641087600768,-0.13737144979249163,-0.02397179071972628,0.0,419.3333274667807,419.7253434794395,419.27874335956926,417.8998051883605
1.740000000000001,0.3183995479301222,-0.9442429628632562,12.671949064225968,6.076944590778524,6.213285106115633,0.0,0.632293039942286,-1.8009140298044068,2.8684930185113546,-0.16452254558635715,-0.0028766009802224666,0.0,430.66567627049324,432.44635880988017,433.9135672509627,431.6073449751973
1.8000000000000012,0.3578557905741012,-1.056853305793558,12.847698809087804,6.066873454965975,6.21293001161674,0.0,0.6829030244586178,-1.9537552869963353,2.9891345873110104,-0.17550686642007124,-0.01282684642279659,0.0,459.30621341080297,458.51647878383346,458.867573080345,457.96858279597626
1.8600000000000012,0.400049207103535,-1.177914705650273,13.026375523086761,6.0560538527041565,6.212533504673939,0.0,0.7235807946200628,-2.08254999681308,2.9664731312429624,-0.1922991068822598,0.0035842273692994163,0.0,411.92017014854144,413.3690390609678,414.38894860556616,412.87563316885485
1.9200000000000013,0.4448824087017235,-1.3075319158050913,13.206352946311263,6.044459360845689,6.212810012294584,0.0,0.770801518744156,-2.239115967163027,3.032148161247136,-0.1951930201228336,0.006582133630204789,0.0,443.03772952047206,443.2840763398632,443.9056412939708,443.6315992565227
1.9800000000000013,0.4925004409983721,-1.4466454843088055,13.389655778692038,6.03240091497474,6.213361030892713,0.0,0.8163889097461897,-2.399098608622414,3.0773449040150673,-0.21618421143023409,0.013936048694063929,0.0,437.3839263770826,437.99587025944294,439.56740835768704,437.7835438423452
2.0400000000000014,0.5430532716317037,-1.5963705167988544,13.578570660119164,6.01937087540149,6.213941243896631,0.0,0.868567785049964,-2.5930364069076606,3.218780069390009,-0.2192059360352991,-0.0006295733566257884,0.0,470.52613273903,469.39699276021645,470.56397195793164,470.2862048923249
2.1000000000000014,0.5966729924044626,-1.7578336527292362,13.775166364065893,6.006124954502738,6.214134418797862,0.0,0.9186931231861059,-2.7903439595530415,3.3333880798002165,-0.22407570849285247,0.009980299585233818,0.0,462.60314924114795,463.43784691938686,465.38552132042804,464.9582458412293
2.1600000000000015,0.6531013734558535,-1.930669893486539,13.975904707893868,5.992639197110476,6.214669446299817,0.0,0.9621644925600756,-2.972066599377571,3.357168279689382,-0.2261703416114501,0.006701142334299559,0.0,436.9614109103061,436.68782062949487,437.2584401849377,437.03283252605496
2.2200000000000015,0.7119590819634062,-2.113968885103285,14.175654592313316,5.979464038900776,6.215043485756219,0.0,0.9997110281190703,-3.1390181674359976,3.3007291306465465,-0.20891893915679435,0.005282896117634881,0.0,410.9240062672408,410.7981523207504,410.4054137151595,411.88158743853637
2.2800000000000016,0.7732743879104212,-2.3084567247566445,14.374938509305364,5.966978184568413,6.216102015467072,0.0,1.044014393610666,-3.345036969549264,3.341209656205412,-0.2065061883968565,0.03500041924931628,0.0,444.6066448553504,447.03495746152123,444.67125798840556,444.8263127922712
2.3400000000000016,0.8373027049049897,-2.51595609417431,14.577760968585,5.954690327841078,6.218206440180808,0.0,1.0899865534128228,-3.5727382845175533,3.4184771977863457,-0.20158773687315695,0.03521996382776262,0.0,458.9407051995335,458.9586170405174,459.28122399667694,459.6314917326139
2.4000000000000017,0.9042223313759029,-2.7382905508940834,14.787765456071048,5.943378427854725,6.21996268880924,0.0,1.140352423560115,-3.839488513671188,3.580178068340739,-0.170504326744389,0.013411152004822798,0.0,488.3424611808783,486.7129908294475,487.1417630938475,489.42874233207897
2.4600000000000017,0.9740891602241022,-2.976716531374252,15.006842001329181,5.933065881747826,6.2203567837716705,0.0,1.188387659189867,-4.108947461069199,3.7209253857496707,-0.17476591864139274,-0.012877529566014404,0.0,484.9707712492658,482.99191107763494,485.3387457201889,484.993087811223
2.520000000000002,1.0466638897834435,-3.230640747224333,15.23174668122722,5.922097304323486,6.219789754763095,0.0,1.2307810410483846,-4.3561071768161925,3.7747577216308197,-0.20814937339700437,-0.003352403824607891,0.0,459.9727283099042,460.7266556144151,461.45388288773626,458.7782825580012
2.580000000000002,1.1217970866663785,-3.4996879351432475,15.459896278427296,5.909603380195417,6.219058989659228,0.0,1.273630422450487,-4.613191128362702,3.8289256406315193,-0.20839768184033813,-0.04279910508437651,0.0,464.4287564832788,461.32398303151206,463.11276593486537,463.05248443312
2.640000000000002,1.199351772959685,-3.783456303892816,15.688705623924033,5.8970147919474805,6.21633609072593,0.0,1.3117253063805714,-4.846791100524492,3.797106828968941,-0.2127895733550903,-0.05112228287972801,0.0,437.0350115605681,436.3393506709797,437.8070579849084,437.3972820537009
2.700000000000002,1.279140439163388,-4.0809188753357475,15.914109884146757,5.883938983803983,6.213379431912138,0.0,1.348119846785133,-5.069683441748903,3.715607764497446,-0.2309314580748004,-0.04582358317639693,0.0,421.7941200403763,422.2499037366439,422.58173264081535,420.9643695070452
2.760000000000002,1.3611635889819191,-4.392018310684737,16.1345695118599,5.870014275242887,6.210942804300625,0.0,1.3861675995445448,-5.301413374543191,3.632182207004507,-0.23447231333114368,-0.03182079217184887,0.0,422.53321019785733,423.73790542121304,423.37156396833547,423.01012503885397
2.820000000000002,1.4458850624084145,-4.719377923661955,16.354669415864105,5.85600103256267,6.208680188182623,0.0,1.4380058241879188,-5.611673423789338,3.7026277284911515,-0.23178141383705408,-0.053347173691027684,0.0,479.16515215710723,477.5249580644205,477.0647918164059,477.2200144189709
2.880000000000002,1.5332108037255396,-5.062577471304002,16.572084655041078,5.8428409168592985,6.205073084110381,0.0,1.473083988583178,-5.829403446769399,3.5439747930840135,-0.20191435292055515,-0.0792396266638298,0.0,402.4616225298533,400.1074052658759,400.40063614468545,403.0549076756071
2.940000000000002,1.6229678295164438,-5.420525134673874,16.782965150749813,5.830707268062753,6.200201901902547,0.0,1.5191892046798807,-6.103141437938571,3.4841766252801403,-0.20286010795144918,-0.08539276827742807,0.0,439.2811736987313,438.7650987219106,440.1727866018725,440.05395373210007
3.000000000000002,1.7162095017273804,-5.798437592845092,16.996858574590917,5.818197457618854,6.194937606893134,0.0,1.58934429856646,-6.494707666879291,3.6429219483418036,-0.223190843133121,-0.09289481674716425,0.0,515.1268845695489,514.5907690594295,514.2459741422566,512.7667205108245
3.0600000000000023,1.8132389752093783,-6.1973829664021896,17.214534681931635,5.805693354730831,6.188981069662352,0.0,1.6454207789023791,-6.804383855881909,3.6112835528714102,-0.18874965051287798,-0.11677766734359005,0.0,459.4844635626771,457.578255318146,456.8267848029529,459.522796983935
3.1200000000000023,1.9135767586670809,-6.614331224567797,17.42853298507839,5.794519774624007,6.182153230448536,0.0,1.6996984795619514,-7.094748069734865,3.5206889928074165,-0.18161175963036144,-0.10842339194760561,0.0,441.6487207145822,442.3257522318481,440.554445651133,441.11037652054773
3.1800000000000024,2.0178578300934076,-7.051554355910131,17.641848884705134,5.783403145266316,6.175420254878187,0.0,1.776895263995554,-7.479933256365402,3.58736941552188,-0.19384169245868246,-0.12114244859855677,0.0,498.0508714012784,497.1097452423569,499.0739357747497,498.15092428665105
3.2400000000000024,2.1267332938093846,-7.511329008799302,17.857423180069,5.771530098160959,6.168327669653497,0.0,1.8528592624357398,-7.846540451147636,3.5961416605765812,-0.20751077036407573,-0.11291386288258717,0.0,485.0368801874392,485.64330791704816,484.5649864121546,483.5010652452119
3.3000000000000025,2.240400257485127,-7.993753018348431,18.073971908133423,5.759374528420052,6.1614815416045055,0.0,1.936553955708589,-8.234855641981168,3.6195338358049973,-0.1942397580326219,-0.1165889830384779,0.0,494.42259941802024,494.14152287819434,494.8732943435652,495.8136321794698
3.3600000000000025,2.358082160444424,-8.495079452267387,18.283624251613585,5.747175538616872,6.154478944795056,0.0,1.9866185489569759,-8.47711099879856,3.3682370990740855,-0.23584776826196346,-0.11695274559264872,0.0,401.46449877747636,401.4176824888422,401.61914393081815,397.7777426763809
3.4200000000000026,2.4795570327147662,-9.013917708406117,18.482661124435577,5.733644648932685,6.148376171287342,0.0,2.0629531430875927,-8.818320727459035,3.264279788749249,-0.2103146974979255,-0.08164291150104906,0.0,458.19416279717785,460.984241407462,457.9332556517455,459.9109226987451
3.4800000000000026,2.6054086371684333,-9.552342280017697,18.67334885358497,5.721548029984728,6.143394135018934,0.0,2.1323770828197506,-9.130066998553502,3.090459826088768,-0.18827479633060484,-0.08597015943183803,0.0,437.4567939509633,437.0904541638971,438.400694106746,440.1878751659674
3.5400000000000027,2.7360402917215243,-10.111754170908226,18.856627570304575,5.71045095705853,6.137901472837235,0.0,2.222285538510253,-9.51756258855743,3.016442961973201,-0.17902640987739304,-0.10603954532329775,0.0,478.69237992987667,477.15566554807054,479.1201731195371,479.7925013058977
3.6000000000000028,2.871916400864421,-10.693749501011784,19.033778925192653,5.699318168500133,6.132623039630557,0.0,2.3072206804536703,-9.882942606982555,2.886510771379204,-0.2035881637176303,-0.06553445455338403,0.0,463.18154185746437,466.350254341506,464.98391314922753,463.0226075137174
3.660000000000003,3.0130881651266583,-11.29836391229037,19.203543164041882,5.687711801100498,6.128756593535591,0.0,2.398610669539541,-10.271484174046405,2.769867280197138,-0.17843991033584575,-0.062339478609436214,0.0,474.8052697992061,475.0476478913965,473.1928994776792,475.0909373456223
3.720000000000003,3.1594654141209717,-11.925340706630246,19.364247542394367,5.6775683472040335,6.125033308711874,0.0,2.4807561243896576,-10.628506478696155,2.58503771785515,-0.15492369321238394,-0.06149153528022416,0.0,454.9340372619142,454.9992825476905,454.48226478765145,456.3367251153013
3.780000000000003,3.310992808537937,-12.57459436604491,19.51448747573171,5.668220576258419,6.121641228906153,0.0,2.5702356272035223,-11.01392401676441,2.4207962284805027,-0.15759847575384262,-0.048115563715104885,0.0,467.23610164688677,468.276056520196,467.8784391917051,467.6484321806282
3.840000000000003,3.467670169360655,-13.246296396348912,19.653290474260572,5.659424370820087,6.119344753647704,0.0,2.652370029655347,-11.37697476841054,2.20411767328304,-0.1306757149588527,-0.023603796143300198,0.0,452.60203321521954,454.5704370933501,452.13813253720485,454.2825304971558
3.900000000000003,3.629687191864217,-13.941413818003134,19.780747829222086,5.652219004415805,6.11754206913078,0.0,2.7480686254735955,-11.794183607838917,2.0421199212553516,-0.10460019114058626,-0.04780413952951784,0.0,478.03993158454455,476.19131224280443,479.3524495596225,481.3183189409767
3.960000000000003,3.797648657672966,-14.662453824436351,19.899068800997725,5.645806092100244,6.11496871636928,0.0,2.850585361062941,-12.240917525433764,1.8992988710357532,-0.11188309579056972,-0.03453019954382793,0.0,491.23741000285,492.22021116735056,491.4874836543937,490.9383622520699
4.020000000000002,3.970934824306177,-15.407562382461016,20.004475924739786,5.639084062795156,6.113270626964061,0.0,2.9256423343209486,-12.597179017811861,1.6127070801334942,-0.11233671482838764,-0.018096448690300804,0.0,442.2270284810304,443.5789251851136,443.90304781873607,443.8546558411847
4.080000000000001,4.149262641306749,-16.17617292994297,20.094874934157335,5.632130504771137,6.112896017671206,0.0,3.0184136814942466,-13.023958992513945,1.3982034869830202,-0.1241624818750267,0.010600318579637077,0.0,474.1130580050588,476.3136685611795,476.8002579192699,475.8844616158749
4.14,4.332373030682876,-16.967968549688177,20.168526574873407,5.624240441306622,6.113257392230107,0.0,3.0851634140019795,-13.370667543660671,1.0553551340262293,-0.15316783048643212,-0.005217375006646568,0.0,431.7702597187346,430.43304259753967,432.65186852229476,430.1845458591266
4.199999999999998,4.520032477546178,-17.782867368185684,20.22387115168874,5.614561720462948,6.112941194502049,0.0,3.1699228463207616,-13.793595304856074,0.7868590547623079,-0.18724814484013091,-0.005375349614177313,0.0,464.8575882839849,464.8452986609197,468.2699786879082,465.58569083301427
4.259999999999997,4.71245703924231,-18.62235548641817,20.261319576122325,5.603470952919288,6.113313825337524,0.0,3.244018493783781,-14.19050476133151,0.45892990907975983,-0.18043588179101652,0.022777990642183686,0.0,448.87651961171946,451.1563611456763,448.81601741267053,449.33604189825144
4.319999999999996,4.909208748631579,-19.485648898050815,20.278274684951995,5.592203552892169,6.114781878516819,0.0,3.3140889542903924,-14.587230840928271,0.10376439883999927,-0.20951267405222887,0.027648585401695316,0.0,444.91307820519256,445.31193390489386,446.7539696712251,444.3405114832488
4.379999999999995,5.110742467308017,-20.375406823881825,20.276289150163056,5.579774162571015,6.116336452889232,0.0,3.4031674018044216,-15.072091852605315,-0.17369940522944866,-0.20282471505716707,0.022183097275540485,0.0,483.84892719231556,483.43718036735106,483.5505760756811,484.01593627376246
4.439999999999993,5.316784315368622,-21.29158688554824,20.253581644264244,5.56760812085777,6.117261013700606,0.0,3.4646456413228623,-15.468640177652306,-0.5859205360681274,-0.20265309754115626,-0.003735987409889046,0.0,440.45609646242775,438.3061882433289,438.7428161767708,438.7161614565553
4.499999999999992,5.526661573369651,-22.232592632752436,20.206436382067512,5.555514546404641,6.1172702338782905,0.0,3.5310324775204096,-15.899466498037082,-0.9887896388223163,-0.19946106527920296,0.006977120122129091,0.0,451.80105660290013,452.6643919045179,450.0114171535732,450.23059278861865
4.559999999999991,5.740892997492733,-23.20138330431785,20.136335470976935,5.543109004136683,6.118095352055274,0.0,3.6095950303369646,-16.394468826292716,-1.3519341313095454,-0.2282073701525772,0.024687621339073783,0.0,476.9082229253389,478.25954780845314,477.28497129423937,475.045002508337
4.6199999999999894,5.959571664907957,-24.19934589882693,20.042834727420026,5.529125103380105,6.119389554046101,0.0,3.6792484186404604,-16.871937184877346,-1.7688594769151924,-0.24514988659355819,0.014464573390374673,0.0,467.1208651954732,466.32257825659514,466.69762244873215,465.3209116331096
4.679999999999988,6.182748300197557,-25.22784546474875,19.92526050189954,5.515379857113043,6.120697580968621,0.0,3.7593999961565094,-17.411947763021697,-2.155296420056967,-0.20831679267641948,0.03346321110352151,0.0,490.1943543804632,491.6047406476007,489.3703110157092,492.0572744564384
4.739999999999987,6.40925977809575,-26.283110226926162,19.777543847004047,5.502768807357828,6.122509927793477,0.0,3.790896346817069,-17.765828442239943,-2.7713112927633006,-0.21420035348739125,0.022732663951979468,0.0,403.29033571435104,402.31973932976916,403.2382167860347,402.6574679412429
4.799999999999986,6.638254354543251,-27.36273161489397,19.594964386274334,5.490256858609218,6.123591527363857,0.0,3.8419573473310034,-18.223169194196103,-3.3187710024819634,-0.19911178370756946,0.006389488307719972,0.0,446.14801047372924,444.8108587668974,444.0685697427924,445.2622238477705
4.859999999999984,6.870480690471928,-28.471126315832237,19.37966599214201,5.4783870932769805,6.123850616127122,0.0,3.8986102233639564,-18.724842650342378,-3.8625347792162135,-0.19538461509624191,-0.0001849900502515667,0.0,460.1281101176777,459.60698794806757,459.28096179497936,459.53975647806396
4.919999999999983,7.106499766645068,-29.611981560727617,19.132728803013542,5.467127259109155,6.123851218730808,0.0,3.968258429535184,-19.304782852919462,-4.374409208803536,-0.17552887577659562,0.00039732282945081974,0.0,486.9226055291801,486.96618782821304,488.204378550266,489.6533101707765
4.979999999999982,7.345975347752672,-30.784992303914915,18.851207859365747,5.456566829211919,6.124069460928009,0.0,4.014057730482932,-19.797821637265002,-5.014431388996737,-0.1769798600072887,0.009436898300433103,0.0,447.5059794832366,448.2415482502677,447.8221590438715,447.6744595538694
5.0399999999999805,7.588546201115547,-31.98984841384899,18.531932420763745,5.445907888918224,6.124809194867382,0.0,4.071255135281025,-20.365913286286936,-5.633951279174646,-0.1790199552394503,0.01756261656391896,0.0,473.28326179602146,473.90845916598147,472.3796648191203,472.1938330758746
